0.373706749
0.931739383
0.508588781
0.441650464
0.919337907
0.642796819
0.759302279
0.907858055
0.097161616
0.618493517
0.371459369
0.575729781
0.958641302
0.723412211
0.782302392
0.896501874
0.002195602
0.881097205
0.391880551
0.409347464
0.729057941
0.919905735
0.797363784
0.26144178
0.194932703
0.810277129
0.819775721
0.730050388
0.860953624
0.484584543
0.668805178
0.739054152
0.41479559
0.179612664
0.172016491
0.864210623
0.408882955
0.614589327
0.957956283
0.755487097